201110100131000111110003101001110010003100300011111100102
000400000100010000000001101041000110110101011110001004000
010001111101110011010000000000011100010001000011000001110
111001000000011300010311011111010001111111111001101001000
300000001110001110001110013100000111000031301000001111111
111101100000100311100000010001110001001111101031000101013
010001000130111001001100011101011101000001100011110000010
010401011111100001101001110020001000011000001001000104000
000111000101001100001000010000111111013001111111101100010
010100010100001001111111011010003000000100000010001000111
011111110100131000110000000011111111010110110000011110001
010001000101111011130101101000000001000010310010001011011
010011010001001000111100101111111000001011111111000000001
000400011100011110000110000040001100101000010000001004011
201001000111300000100000011000100001131010000101111001002
